1 43.064 9.3
2 40.824 10.7
3 39.704 10.6
4 38.269 12.8
5 39.719 12
6 38.241 11.8
7 37.75 13.3
8 36.341 14.2
9 36.566 14.2
10 36.391 14.9
11 35.857 15.3
12 35.605 16.3
13 35.689 16.6
14 35.448 16.2
15 37.902 13.7
16 36.695 14.3
17 36.594 14.8
18 36.065 14.6
19 35.664 14.7
20 36.651 11.9
21 35.391 16.1
22 34.977 16.6
23 35.18 16.1
24 34.73 16.1
25 35.004 14.9
26 35.021 16.1
27 34.686 16.7
28 34.691 16.7
29 34.685 14.9
30 34.226 16.7
31 35.504 14.9
32 35.472 14.9
33 34.662 16.1
34 34.396 16.2
35 34.186 15.3
36 34.066 16.4
37 34.34 16.4
38 33.842 16.4
39 33.56 17
40 33.606 17.1
41 33.249 16.7
42 32.745 17
43 32.79 16.8
44 33.238 16.3
45 31.911 17.4
46 31.56 18.5
47 26.212 23.1
