1 北海道 43.064 9.3
2 青森県 40.824 10.7
3 岩手県 39.704 10.6
4 宮城県 38.269 12.8
5 秋田県 39.719 12
6 山形県 38.241 11.8
7 福島県 37.75 13.3
8 茨城県 36.341 14.2
9 栃木県 36.566 14.2
10 群馬県 36.391 14.9
11 埼玉県 35.857 15.3
12 千葉県 35.605 16.3
13 東京都 35.689 16.6
14 神奈川県 35.448 16.2
15 新潟県 37.902 13.7
16 富山県 36.695 14.3
17 石川県 36.594 14.8
18 福井県 36.065 14.6
19 山梨県 35.664 14.7
20 長野県 36.651 11.9
21 岐阜県 35.391 16.1
22 静岡県 34.977 16.6
23 愛知県 35.18 16.1
24 三重県 34.73 16.1
25 滋賀県 35.004 14.9
26 京都府 35.021 16.1
27 大阪府 34.686 16.7
28 兵庫県 34.691 16.7
29 奈良県 34.685 14.9
30 和歌山県 34.226 16.7
31 鳥取県 35.504 14.9
32 島根県 35.472 14.9
33 岡山県 34.662 16.1
34 広島県 34.396 16.2
35 山口県 34.186 15.3
36 徳島県 34.066 16.4
37 香川県 34.34 16.4
38 愛媛県 33.842 16.4
39 高知県 33.56 17
40 福岡県 33.606 17.1
41 佐賀県 33.249 16.7
42 長崎県 32.745 17
43 熊本県 32.79 16.8
44 大分県 33.238 16.3
45 宮崎県 31.911 17.4
46 鹿児島県 31.56 18.5
47 沖縄県 26.212 23.1
